import Title from './Title.jsx'
import Blob from './Blob.jsx'

const TitleComponent = () => {
    return (
        <div className="relative w-full max-w-full h-[200px] p-8 border-2 border-p-darkgray font-semibold bg-p-black overflow-hidden flex justify-center items-center rounded-3xl">
            {/*<h1 className="text-gray-400 tracking-[20px] text-5xl z-10">PHOSPHENE</h1>*/}
            <Title></Title>

            <Blob y="bottom-8" x="left-14" values="M451,288.5Q435,327,429.5,375.5Q424,424,381,444Q338,464,294,472Q250,480,206,471.5Q162,463,153,409.5Q144,356,151.5,322Q159,288,108,269Q57,250,110,232Q163,214,164.5,190Q166,166,161,94.5Q156,23,203,80Q250,137,270,146Q290,155,348.5,124Q407,93,383.5,149Q360,205,413.5,227.5Q467,250,451,288.5Z;

                                    M378.5,282.5Q407,315,405,359Q403,403,369.5,430Q336,457,293,404.5Q250,352,213,390.5Q176,429,136,416.5Q96,404,129.5,345Q163,286,138,268Q113,250,109.5,220Q106,190,146,188Q186,186,196,164.5Q206,143,228,146.5Q250,150,266,161.5Q282,173,308.5,169Q335,165,366,177Q397,189,373.5,219.5Q350,250,378.5,282.5Z;

                                    M413.5,278.5Q387,307,394,354Q401,401,369.5,431.5Q338,462,294,415Q250,368,203,423Q156,478,155,412Q154,346,158.5,316Q163,286,100.5,268Q38,250,60.5,215.5Q83,181,79,128Q75,75,142.5,115Q210,155,230,78.5Q250,2,296.5,13.5Q343,25,359,75Q375,125,379.5,159.5Q384,194,412,222Q440,250,413.5,278.5Z;

                                    M371,277.5Q383,305,346,307Q309,309,310.5,354.5Q312,400,281,438Q250,476,211.5,456Q173,436,169,385.5Q165,335,132,323.5Q99,312,55.5,281Q12,250,77.5,228Q143,206,154,185.5Q165,165,165,104.5Q165,44,207.5,107.5Q250,171,277.5,143.5Q305,116,344,116.5Q383,117,380.5,157Q378,197,368.5,223.5Q359,250,371,277.5Z;

                                    M327.5,266Q327,282,375.5,353Q424,424,382.5,446.5Q341,469,295.5,479Q250,489,224,432Q198,375,192,344.5Q186,314,149,310.5Q112,307,109,278.5Q106,250,114.5,223.5Q123,197,134,171Q145,145,172.5,137Q200,129,225,130Q250,131,293.5,86Q337,41,364,75Q391,109,356,165Q321,221,324.5,235.5Q328,250,327.5,266Z;

                                    M451,288.5Q435,327,429.5,375.5Q424,424,381,444Q338,464,294,472Q250,480,206,471.5Q162,463,153,409.5Q144,356,151.5,322Q159,288,108,269Q57,250,110,232Q163,214,164.5,190Q166,166,161,94.5Q156,23,203,80Q250,137,270,146Q290,155,348.5,124Q407,93,383.5,149Q360,205,413.5,227.5Q467,250,451,288.5Z" delay="animation-delay-4000"></Blob>

            <Blob y="bottom-0" x="right-16" values="M451,288.5Q435,327,429.5,375.5Q424,424,381,444Q338,464,294,472Q250,480,206,471.5Q162,463,153,409.5Q144,356,151.5,322Q159,288,108,269Q57,250,110,232Q163,214,164.5,190Q166,166,161,94.5Q156,23,203,80Q250,137,270,146Q290,155,348.5,124Q407,93,383.5,149Q360,205,413.5,227.5Q467,250,451,288.5Z;

                                    M371,277.5Q383,305,346,307Q309,309,310.5,354.5Q312,400,281,438Q250,476,211.5,456Q173,436,169,385.5Q165,335,132,323.5Q99,312,55.5,281Q12,250,77.5,228Q143,206,154,185.5Q165,165,165,104.5Q165,44,207.5,107.5Q250,171,277.5,143.5Q305,116,344,116.5Q383,117,380.5,157Q378,197,368.5,223.5Q359,250,371,277.5Z;

                                    M378.5,282.5Q407,315,405,359Q403,403,369.5,430Q336,457,293,404.5Q250,352,213,390.5Q176,429,136,416.5Q96,404,129.5,345Q163,286,138,268Q113,250,109.5,220Q106,190,146,188Q186,186,196,164.5Q206,143,228,146.5Q250,150,266,161.5Q282,173,308.5,169Q335,165,366,177Q397,189,373.5,219.5Q350,250,378.5,282.5Z;

                                    M327.5,266Q327,282,375.5,353Q424,424,382.5,446.5Q341,469,295.5,479Q250,489,224,432Q198,375,192,344.5Q186,314,149,310.5Q112,307,109,278.5Q106,250,114.5,223.5Q123,197,134,171Q145,145,172.5,137Q200,129,225,130Q250,131,293.5,86Q337,41,364,75Q391,109,356,165Q321,221,324.5,235.5Q328,250,327.5,266Z;

                                    M413.5,278.5Q387,307,394,354Q401,401,369.5,431.5Q338,462,294,415Q250,368,203,423Q156,478,155,412Q154,346,158.5,316Q163,286,100.5,268Q38,250,60.5,215.5Q83,181,79,128Q75,75,142.5,115Q210,155,230,78.5Q250,2,296.5,13.5Q343,25,359,75Q375,125,379.5,159.5Q384,194,412,222Q440,250,413.5,278.5Z;

                                    M451,288.5Q435,327,429.5,375.5Q424,424,381,444Q338,464,294,472Q250,480,206,471.5Q162,463,153,409.5Q144,356,151.5,322Q159,288,108,269Q57,250,110,232Q163,214,164.5,190Q166,166,161,94.5Q156,23,203,80Q250,137,270,146Q290,155,348.5,124Q407,93,383.5,149Q360,205,413.5,227.5Q467,250,451,288.5Z" delay="animation-delay-2000"></Blob>

            <Blob y="top-20" x="right-[30%]" values="M327.5,266Q327,282,375.5,353Q424,424,382.5,446.5Q341,469,295.5,479Q250,489,224,432Q198,375,192,344.5Q186,314,149,310.5Q112,307,109,278.5Q106,250,114.5,223.5Q123,197,134,171Q145,145,172.5,137Q200,129,225,130Q250,131,293.5,86Q337,41,364,75Q391,109,356,165Q321,221,324.5,235.5Q328,250,327.5,266Z;

                                    M371,277.5Q383,305,346,307Q309,309,310.5,354.5Q312,400,281,438Q250,476,211.5,456Q173,436,169,385.5Q165,335,132,323.5Q99,312,55.5,281Q12,250,77.5,228Q143,206,154,185.5Q165,165,165,104.5Q165,44,207.5,107.5Q250,171,277.5,143.5Q305,116,344,116.5Q383,117,380.5,157Q378,197,368.5,223.5Q359,250,371,277.5Z;

                                   M413.5,278.5Q387,307,394,354Q401,401,369.5,431.5Q338,462,294,415Q250,368,203,423Q156,478,155,412Q154,346,158.5,316Q163,286,100.5,268Q38,250,60.5,215.5Q83,181,79,128Q75,75,142.5,115Q210,155,230,78.5Q250,2,296.5,13.5Q343,25,359,75Q375,125,379.5,159.5Q384,194,412,222Q440,250,413.5,278.5Z;


                                    M378.5,282.5Q407,315,405,359Q403,403,369.5,430Q336,457,293,404.5Q250,352,213,390.5Q176,429,136,416.5Q96,404,129.5,345Q163,286,138,268Q113,250,109.5,220Q106,190,146,188Q186,186,196,164.5Q206,143,228,146.5Q250,150,266,161.5Q282,173,308.5,169Q335,165,366,177Q397,189,373.5,219.5Q350,250,378.5,282.5Z;

                                    M451,288.5Q435,327,429.5,375.5Q424,424,381,444Q338,464,294,472Q250,480,206,471.5Q162,463,153,409.5Q144,356,151.5,322Q159,288,108,269Q57,250,110,232Q163,214,164.5,190Q166,166,161,94.5Q156,23,203,80Q250,137,270,146Q290,155,348.5,124Q407,93,383.5,149Q360,205,413.5,227.5Q467,250,451,288.5Z;

                                    M327.5,266Q327,282,375.5,353Q424,424,382.5,446.5Q341,469,295.5,479Q250,489,224,432Q198,375,192,344.5Q186,314,149,310.5Q112,307,109,278.5Q106,250,114.5,223.5Q123,197,134,171Q145,145,172.5,137Q200,129,225,130Q250,131,293.5,86Q337,41,364,75Q391,109,356,165Q321,221,324.5,235.5Q328,250,327.5,266Z" delay="animation-delay-3000"></Blob>

        </div>
    )
}
export default TitleComponent;